3 5 5 5 5 0 2 0 0 0 0 0 0 0 0 0 5 2 16 35 5 1 6
5 5 5 5 1 3 5 0 1 3 1 0 0 0 0 1 5 1 16 28 5 1 7
18 1 5 5 1 0 0 0 0 0 1 0 0 0 0 0 1 2 14 35 5 2 7
22 1 5 5 1 0 2 0 0 0 0 0 0 0 0 0 5 5 12 69 1 1 8
33 1 1 1 5 0 1 0 0 0 1 . 0 0 0 . 5 1 12 20 1 5 7
34 5 5 5 5 0 0 0 0 0 0 0 0 0 0 0 1 4 12 46 5 1 6
36 5 5 5 5 0 0 0 0 0 0 0 0 0 0 0 1 2 17 . 1 1 6
37 5 5 5 5 0 0 0 0 0 0 0 0 0 0 0 5 1 12 28 5 5 7
39 5 5 5 5 0 1 0 0 1 1 0 0 0 0 0 5 1 14 28 1 2 7
41 1 5 5 5 1 1 0 0 0 1 0 1 0 0 0 5 1 17 24 1 1 8
42 1 5 5 5 0 0 0 0 0 0 0 0 0 0 0 1 2 12 64 1 1 6
48 5 1 5 1 1 1 1 1 1 2 1 1 1 1 1 5 2 12 . 1 2 8
69 1 5 5 1 2 2 0 0 0 5 0 0 0 0 1 1 4 14 48 1 1 6
77 5 5 5 1 0 0 0 0 0 0 0 0 0 0 0 5 2 6 32 1 2 7
78 5 5 5 5 1 1 0 0 0 0 0 0 0 0 0 9 9 13 57 1 . 7
80 1 5 1 5 0 0 0 0 0 0 0 0 0 0 0 5 1 18 27 1 1 7
82 1 5 1 5 0 3 0 1 0 5 1 3 0 0 3 5 2 11 29 1 1 8
83 1 5 5 5 0 0 0 0 0 0 0 0 0 0 0 1 2 18 51 1 1 8
88 5 5 5 5 0 1 0 1 0 0 1 0 0 0 0 5 3 12 39 1 2 7
93 5 5 5 5 0 1 0 0 0 1 0 0 0 1 1 1 3 15 18 1 2 7
105 5 5 5 1 1 3 5 5 3 3 1 1 3 2 2 5 2 14 26 5 2 7
108 5 5 5 5 2 0 0 0 0 0 0 0 0 0 0 1 2 10 61 5 2 7
119 5 5 5 1 2 0 . 0 2 1 0 0 0 0 0 1 6 16 83 5 1 7
123 1 1 5 5 0 1 0 0 0 2 0 0 0 0 5 1 4 12 66 1 1 7
126 1 5 5 1 0 3 3 3 1 3 0 0 1 3 3 5 1 15 24 5 2 7
129 5 5 5 5 0 2 0 2 0 0 2 1 0 1 0 5 1 12 19 1 2 7
134 1 1 5 1 0 0 0 0 0 3 0 0 0 0 0 1 6 12 86 5 1 7
140 5 5 5 5 0 0 0 0 0 0 0 0 0 0 0 5 2 5 27 5 2 7
144 1 5 5 1 0 0 0 0 0 0 0 0 0 1 1 5 3 12 38 1 1 8
145 1 1 5 5 0 0 0 0 0 0 0 0 0 0 0 1 5 14 37 1 1 8
148 1 5 5 1 0 0 3 0 1 5 0 0 0 0 1 5 4 13 42 5 1 9
152 5 5 5 5 0 0 0 0 0 0 0 0 0 0 0 5 4 8 77 5 2 7
169 5 5 5 5 0 2 0 0 0 1 0 0 0 0 0 1 2 12 29 5 2 6
172 1 1 5 1 0 1 0 1 0 1 0 0 0 1 0 5 1 16 31 5 1 7
178 5 5 5 5 0 0 0 0 0 0 0 0 0 0 0 5 2 11 20 5 2 6
182 5 5 5 5 0 3 0 3 0 2 1 1 0 2 0 5 2 17 38 5 1 6
185 5 5 5 5 0 0 0 0 0 0 0 0 0 0 0 5 4 12 42 1 2 6
188 1 5 5 1 1 1 0 0 0 1 0 0 0 0 0 1 1 16 70 1 1 6
194 5 5 5 5 1 3 0 0 0 1 0 0 0 0 0 1 4 12 49 5 1 7
196 5 5 5 5 5 1 0 0 1 0 0 0 0 0 0 5 2 14 40 5 4 7
199 1 5 5 5 0 0 0 0 0 0 0 0 0 0 0 5 4 12 84 5 1 8
203 5 5 5 5 1 1 0 1 0 0 0 0 0 0 0 1 2 19 43 1 4 7
209 1 5 5 5 0 0 0 0 0 0 0 0 0 0 0 1 2 18 67 1 1 7
210 5 5 5 5 0 2 0 0 0 0 0 0 0 0 2 1 1 16 20 5 1 7
212 1 1 5 5 0 0 2 0 0 0 0 0 0 0 0 1 4 16 58 5 2 6
216 5 5 5 1 0 1 0 1 0 0 0 0 0 0 1 1 2 16 47 1 1 6
225 5 5 5 5 1 1 0 0 0 1 1 1 0 1 0 5 1 12 18 1 2 7
226 1 1 5 1 0 0 0 0 1 1 0 0 0 0 1 5 1 16 . 5 1 6
248 1 1 5 5 1 0 0 1 1 1 0 1 0 0 0 1 1 16 32 1 4 8
250 5 5 5 5 2 2 2 0 0 0 0 0 0 0 1 1 5 14 42 1 2 6
252 1 5 5 5 0 0 0 0 0 0 0 0 0 0 0 5 2 16 43 5 1 7
253 5 5 5 5 1 0 0 0 2 2 0 0 0 0 2 5 4 11 33 5 2 7
255 5 5 5 1 0 1 0 0 0 0 0 0 0 0 0 1 2 9 29 5 2 7
263 5 5 5 5 0 0 1 5 0 5 5 5 0 5 5 5 1 12 23 1 2 6
272 1 5 5 5 0 0 0 0 0 0 0 0 0 0 0 1 2 16 . 5 1 7
277 1 1 5 1 0 1 0 0 0 0 0 0 0 0 0 5 1 15 31 1 4 9
283 5 5 5 5 0 0 0 0 0 0 0 0 0 0 0 5 2 99 50 5 . 7
284 5 5 5 5 0 0 0 0 0 0 0 0 0 0 0 5 6 16 84 5 1 6
287 1 5 5 5 0 0 0 0 0 0 0 0 0 0 0 1 2 15 61 1 5 7
289 5 5 5 5 1 2 0 1 1 2 0 0 0 2 1 1 2 16 45 5 . 7
290 1 1 5 5 0 1 0 0 0 1 0 0 0 0 0 1 3 16 32 1 1 8
295 5 5 5 1 0 1 0 0 1 1 0 0 0 0 0 5 3 12 22 5 2 7
296 5 5 5 5 0 0 0 0 0 0 0 0 0 0 0 1 2 15 80 1 1 7
297 1 1 5 5 0 0 0 0 0 0 0 0 0 0 0 1 2 17 54 1 1 9
298 1 5 5 5 0 0 0 0 0 1 0 0 0 0 0 5 2 12 27 5 1 6
306 5 5 5 1 0 0 0 0 0 1 0 0 0 0 0 1 6 8 83 1 5 7
308 5 1 5 1 2 1 0 0 1 0 0 1 1 1 1 5 2 21 . 1 4 7
314 5 5 5 1 1 0 0 0 0 0 0 0 0 0 0 1 2 5 35 5 2 7
315 1 5 5 5 0 3 0 1 0 0 0 0 0 0 0 1 2 12 44 1 1 7
316 5 5 5 5 1 1 0 1 0 0 0 1 0 0 0 5 2 14 . 1 6 7
318 5 1 5 5 2 1 0 0 0 1 0 0 0 0 0 5 4 14 32 5 2 7
319 5 5 5 5 0 1 0 0 0 0 0 0 0 0 1 1 2 24 50 1 1 7
321 5 5 5 5 3 2 0 0 2 2 0 0 0 0 3 5 2 6 35 1 2 7
322 5 5 5 5 1 2 0 1 0 1 0 0 0 1 0 5 5 11 31 5 4 8
324 5 5 5 5 1 0 0 0 0 0 0 0 0 0 0 5 2 6 68 1 2 6
328 5 5 5 5 2 2 1 1 1 3 0 0 0 0 1 5 4 15 37 5 3 7
329 1 5 5 1 1 3 0 2 1 3 1 1 1 1 2 1 2 6 47 1 2 7
334 1 5 5 1 1 1 0 0 1 0 0 0 1 0 0 5 1 15 32 5 5 7
335 5 5 5 5 0 0 0 0 0 1 0 0 0 1 1 1 1 16 24 5 6 6
338 1 1 5 1 0 2 1 0 0 3 0 0 0 2 1 1 4 17 74 5 1 9
342 1 5 5 5 0 0 0 0 0 0 0 0 0 0 0 5 2 6 49 1 2 7
344 5 5 5 1 0 0 0 0 0 0 0 0 0 1 0 1 1 12 18 1 1 7
351 5 1 5 1 0 1 1 0 1 1 0 0 1 0 1 5 2 19 30 5 1 7
354 5 5 5 5 1 0 0 0 0 0 0 0 0 0 0 5 1 12 18 5 . 7
363 5 5 5 5 0 0 0 0 0 0 0 0 0 0 0 5 6 14 77 5 1 7
365 5 5 5 5 0 0 0 0 0 0 0 0 0 0 0 5 1 14 29 1 5 7
371 1 5 5 5 0 0 1 0 1 0 0 1 1 1 1 1 2 12 52 1 1 8
372 1 5 5 5 0 0 0 0 0 0 0 0 0 0 0 5 4 16 30 5 5 7
377 1 1 5 1 0 0 0 0 0 0 0 0 0 0 0 5 2 16 47 1 1 8
379 5 5 5 5 0 1 0 0 0 1 0 0 0 0 0 5 1 14 33 1 1 6
381 5 5 5 5 0 1 0 1 0 2 0 0 0 1 0 5 3 12 28 5 1 7
382 5 5 5 5 0 3 1 2 2 1 1 1 0 2 0 1 2 9 40 5 2 7
384 5 5 5 5 0 0 0 0 0 0 0 0 1 0 0 1 5 2 49 5 2 7
388 5 5 5 5 0 1 0 0 0 0 0 0 0 0 0 5 1 16 22 1 1 6
398 5 5 5 1 0 1 1 3 3 3 0 0 3 0 3 1 4 5 54 5 2 7
405 5 5 5 5 0 0 0 0 0 0 0 0 0 0 0 5 1 16 29 1 4 7
406 1 5 1 1 1 1 1 0 0 3 0 0 0 0 2 1 6 11 71 1 1 8
414 5 5 5 1 1 1 0 0 1 1 0 0 0 0 0 1 2 16 36 5 1 6
423 1 1 1 1 0 1 0 0 0 1 0 0 0 0 0 1 2 18 44 1 1 8
432 1 1 5 1 3 3 1 1 1 5 0 0 2 0 2 5 2 9 31 5 2 7
435 1 5 1 5 0 0 0 0 0 0 0 1 0 0 0 1 2 12 23 5 1 9
439 1 5 5 5 0 0 0 0 0 0 0 0 0 0 0 5 5 17 53 1 1 8
440 5 5 5 5 0 1 1 0 0 1 1 0 0 0 0 1 2 14 42 5 6 8
442 1 5 5 1 0 0 0 0 0 0 0 0 0 0 0 1 1 16 30 5 1 8
446 1 5 5 5 1 1 0 0 0 1 0 0 0 0 0 5 5 12 30 5 1 6
451 5 5 5 5 3 1 5 1 5 1 3 0 0 0 3 5 1 6 22 1 2 7
453 5 5 5 5 0 0 0 0 0 0 0 0 0 0 0 5 1 16 23 5 1 6
454 5 1 5 1 2 2 2 0 0 2 0 0 0 0 2 5 2 6 39 1 2 7
456 5 5 5 5 0 0 0 0 1 0 0 0 0 0 0 1 2 16 . 1 1 7
460 5 5 5 1 2 0 0 0 0 1 0 0 0 0 0 5 2 16 35 5 2 8
464 1 1 5 1 0 0 0 0 0 1 0 0 0 0 0 5 2 12 22 1 1 6
468 5 5 5 5 0 0 0 0 0 0 0 0 0 0 0 1 2 14 86 1 1 7
469 5 5 5 5 0 0 0 0 0 0 0 0 0 0 0 1 4 12 29 1 1 7
470 1 1 5 5 0 0 0 0 0 0 0 0 0 0 1 1 2 16 45 1 1 8
477 1 1 5 5 1 1 0 1 0 3 0 1 0 1 1 5 4 14 41 5 1 8
481 5 5 5 1 2 2 0 0 0 2 0 0 0 0 0 1 2 12 67 5 2 7
487 5 5 5 5 0 5 0 0 0 0 0 0 0 0 0 5 2 6 49 5 2 7
489 5 5 5 5 2 0 0 0 0 0 0 0 0 0 0 5 2 11 32 5 2 7
490 5 5 5 5 0 0 0 0 0 0 0 0 0 0 0 5 2 3 31 5 . 9
494 5 5 5 5 0 0 0 0 0 0 0 0 0 1 0 1 2 18 67 5 1 6
498 5 5 5 5 2 0 0 0 0 0 0 0 0 0 0 5 2 12 29 1 2 7
499 5 5 5 5 0 0 0 0 0 1 0 0 0 0 0 1 2 16 46 1 5 7
504 5 5 5 5 0 1 0 0 0 1 0 0 0 0 0 1 2 14 36 1 1 6
505 1 5 1 5 0 0 1 0 1 0 0 0 0 0 0 1 2 12 27 5 1 9
508 5 5 5 5 0 0 0 0 0 0 0 0 0 0 0 1 1 16 66 1 1 6
510 1 5 5 5 0 0 0 0 0 0 0 0 0 0 0 1 2 16 46 5 4 7
515 5 5 5 5 0 0 0 0 0 0 0 0 0 0 0 5 1 21 33 5 1 6
516 5 5 5 1 1 1 0 0 0 1 0 0 1 0 0 1 4 12 40 1 5 7
530 1 1 5 1 1 1 0 0 1 2 0 0 0 0 1 1 6 17 56 5 1 9
531 5 5 5 5 0 0 0 0 0 0 0 0 0 0 0 1 4 14 . 5 4 7
534 5 5 5 5 2 3 0 0 0 3 0 0 0 0 0 1 2 12 40 5 2 7
538 5 5 5 5 0 2 1 2 2 0 1 0 0 0 1 5 1 16 31 1 4 7
539 5 5 5 5 1 1 0 1 0 1 0 0 0 1 0 5 4 14 40 5 1 6
540 5 5 5 5 1 3 0 0 0 1 0 0 1 3 0 5 5 12 35 5 2 6
542 5 5 5 1 0 0 0 0 0 0 0 1 0 0 0 1 1 13 76 5 1 7
543 1 5 5 1 1 0 0 3 1 0 0 0 1 0 0 1 2 12 40 5 . 8
549 1 1 5 1 1 1 0 0 0 1 0 0 0 0 0 1 2 14 52 1 1 9
551 5 5 5 1 0 0 0 0 1 0 0 0 3 0 0 1 2 6 58 1 2 7
555 1 1 1 1 1 1 0 1 0 0 0 0 0 0 0 1 4 14 40 5 1 9
562 5 5 5 5 2 2 2 0 0 1 0 0 0 0 0 5 2 11 25 1 2 7
563 1 5 5 5 0 2 0 1 0 1 0 0 0 0 0 1 2 20 41 1 1 8
572 5 5 5 5 0 0 0 0 0 0 0 0 0 0 0 1 2 16 38 1 1 7
578 5 5 5 5 0 0 0 0 0 1 0 0 0 0 0 1 5 18 34 1 5 7
586 5 5 5 5 0 3 0 1 0 1 0 0 0 0 1 1 1 14 29 1 1 6
591 1 5 5 1 0 0 0 0 0 1 0 0 0 0 0 5 1 16 32 1 1 9
594 5 5 5 1 0 0 0 0 0 0 0 0 0 0 0 5 4 20 50 5 . 6
602 1 5 5 1 0 1 0 0 0 1 0 0 0 0 0 1 3 14 50 5 5 7
603 5 5 5 5 0 0 0 0 0 0 0 0 0 0 0 1 2 12 65 5 2 6
608 5 5 5 1 1 1 1 0 1 1 0 0 0 0 0 5 1 6 44 5 2 7
609 5 5 5 5 0 1 0 0 1 0 0 0 0 0 1 1 4 14 47 1 1 6
612 1 5 1 1 0 1 1 0 2 2 0 1 0 0 1 1 2 22 39 5 1 8
617 5 5 5 5 0 1 0 1 0 1 0 0 0 0 0 5 2 12 30 1 1 7
620 5 1 5 5 2 0 0 0 0 2 1 0 0 0 0 5 4 21 40 1 5 7
624 1 5 5 5 0 1 0 0 0 0 0 0 0 1 0 1 1 13 19 5 2 7
630 5 5 5 5 1 1 1 0 1 1 0 0 0 0 1 5 1 12 49 1 2 7
647 1 5 5 5 0 0 0 0 0 0 0 0 0 0 0 1 2 12 28 1 2 7
648 5 5 5 5 0 1 0 0 1 0 0 0 0 0 0 8 1 14 29 1 . 6
650 5 5 5 5 0 0 0 0 0 0 0 0 0 0 0 5 2 3 73 5 2 9
653 1 5 5 5 0 0 0 0 0 0 0 0 0 0 0 5 4 14 . 5 1 9
654 1 5 5 1 0 0 0 0 0 0 0 0 0 0 0 1 6 13 75 5 1 7
655 5 5 5 5 0 0 0 0 0 0 0 0 0 0 0 5 1 13 22 1 1 7
657 5 5 5 5 0 1 0 1 0 0 0 0 0 0 0 1 2 16 59 1 1 7
662 1 5 5 5 0 0 0 0 0 0 0 0 0 0 0 1 2 12 59 5 1 8
663 5 5 5 1 1 3 0 1 1 0 0 0 0 0 1 1 6 14 80 5 1 7
664 5 5 5 5 0 2 0 0 0 0 0 0 0 0 0 5 9 18 50 5 5 7
668 5 5 5 1 0 0 0 0 0 0 0 0 0 0 0 1 1 12 39 1 1 7
671 5 5 5 5 0 0 0 0 0 0 0 0 0 0 0 1 2 12 24 1 2 6
692 1 5 5 1 3 0 0 0 0 0 0 0 0 0 0 1 4 18 72 1 1 8
698 5 5 5 5 0 0 0 3 0 1 0 0 0 0 1 5 1 15 22 5 1 7
701 5 5 5 5 0 0 0 0 0 0 0 0 0 0 0 1 2 14 27 5 2 6
708 5 5 5 1 1 0 0 0 . . 0 0 0 0 0 1 6 12 73 5 1 6
713 1 1 1 1 1 1 0 0 0 1 0 0 0 0 0 1 1 16 44 5 1 8
715 1 5 1 5 0 0 0 0 1 0 0 0 0 0 0 1 2 14 41 5 1 7
716 1 1 5 5 0 1 0 0 0 0 0 0 0 0 0 5 4 17 61 5 5 7
719 5 8 5 5 1 2 0 2 0 1 0 0 0 1 1 5 4 16 . 5 4 7
722 1 5 1 5 0 1 0 0 0 1 1 0 0 0 0 5 1 12 21 1 2 7
731 5 5 5 5 0 0 0 0 0 0 0 0 0 0 0 5 4 12 63 1 1 8
742 1 1 5 5 0 0 0 0 0 0 0 0 0 0 0 5 2 16 32 1 5 8
749 5 5 5 1 0 1 1 0 0 1 0 0 0 2 1 5 3 12 21 5 1 7
753 1 5 1 5 0 0 0 0 0 0 0 0 0 0 0 1 4 14 57 5 1 7
755 5 5 5 5 1 2 0 0 0 0 2 0 0 0 2 5 2 12 44 1 2 7
756 5 5 5 5 0 1 0 0 0 0 0 0 0 0 0 5 2 12 38 1 1 7
763 5 5 5 1 1 2 1 1 1 2 0 1 0 1 1 1 2 7 57 1 2 7
766 1 1 5 5 0 0 0 0 0 0 0 0 0 0 0 5 3 18 47 5 1 7
767 5 5 5 5 0 0 0 0 0 0 0 1 0 2 0 1 2 10 37 1 1 7
768 1 5 1 1 5 3 3 0 3 2 0 0 0 0 0 5 1 6 33 5 2 7
772 1 5 1 1 5 3 5 5 3 5 0 2 5 2 5 5 5 12 39 1 1 9
773 5 5 5 1 1 0 0 1 0 1 0 0 0 0 0 1 2 0 28 5 2 6
776 5 5 5 5 0 0 0 0 0 0 0 0 0 0 0 5 2 12 40 5 2 6
789 5 5 5 1 0 1 0 0 0 0 0 0 0 0 0 1 2 16 47 5 1 7
790 5 5 5 5 0 1 0 0 0 0 0 0 0 0 0 5 2 10 28 5 2 7
794 5 5 1 1 0 0 0 0 0 0 0 0 0 0 0 5 1 6 44 1 2 7
802 5 5 5 5 0 0 0 0 0 0 0 0 0 0 0 5 1 16 33 1 2 7
803 1 5 5 5 0 0 0 0 0 0 0 0 0 0 0 1 4 16 38 1 1 9
805 1 5 5 5 0 1 0 1 0 1 2 0 0 0 0 5 1 16 32 1 5 7
808 1 5 5 5 1 2 0 2 1 1 1 1 0 2 1 8 1 15 23 1 1 8
811 5 5 5 5 0 0 0 0 0 0 0 0 0 0 0 1 1 16 65 1 6 6
812 5 5 5 1 1 1 1 0 1 1 0 0 0 0 1 5 1 14 35 1 2 6
816 5 5 5 5 0 1 0 0 0 0 0 0 0 0 0 5 1 16 29 1 1 8
819 5 5 5 5 1 1 0 1 0 1 3 0 0 1 0 1 2 10 67 1 1 7
830 1 1 5 1 1 2 0 1 0 1 0 0 0 0 1 5 1 16 44 1 1 7
832 5 5 5 5 0 1 0 1 0 1 0 0 0 0 0 5 2 16 36 1 1 7
833 5 5 5 1 0 0 0 0 0 1 1 1 1 1 1 5 2 8 27 1 2 7
846 1 1 5 1 0 0 0 0 0 0 0 0 0 0 0 5 1 16 28 5 5 7
850 5 5 5 5 0 1 0 0 0 1 0 0 0 0 0 5 8 14 . 5 . 7
851 5 5 5 5 0 0 0 0 0 0 0 0 0 0 0 5 2 6 28 1 2 6
852 5 5 5 5 2 1 2 0 0 1 1 0 1 0 1 5 4 6 40 1 2 7
854 1 1 1 1 2 1 1 0 0 1 0 0 0 0 0 1 4 18 62 5 1 7
855 5 5 5 5 0 0 0 0 0 0 0 0 0 0 0 1 3 12 51 5 1 7
868 1 5 5 1 0 1 0 0 0 1 0 0 0 0 0 1 2 18 49 1 5 7
877 1 5 5 1 1 1 1 0 1 1 0 0 1 0 3 5 6 12 78 5 1 8
884 5 5 5 5 0 2 0 0 0 1 0 0 0 1 0 1 1 13 19 5 1 7
890 1 5 5 5 0 0 0 0 0 0 0 0 0 0 0 5 4 12 58 1 1 9
892 5 5 5 5 0 3 0 1 0 0 0 0 0 0 0 5 1 12 26 5 2 7
897 5 5 5 5 0 0 0 0 0 1 0 0 0 0 0 1 2 20 . 5 1 7
898 5 5 5 1 3 3 3 1 0 5 0 1 1 0 1 5 3 8 25 5 2 7
903 5 1 5 5 0 0 0 0 0 0 0 0 0 0 0 5 1 1 42 5 . 9
906 1 1 5 1 1 1 0 0 0 1 0 0 0 1 1 5 2 12 30 1 1 8
908 1 5 5 1 0 1 0 0 1 0 0 0 0 0 0 5 1 0 29 1 2 7
909 5 5 5 5 0 0 0 0 0 0 0 0 0 0 0 5 1 10 53 5 2 6
913 5 5 5 5 0 2 0 1 1 2 2 1 0 1 5 1 1 16 28 5 4 6
919 5 5 5 5 1 1 0 0 1 0 0 0 0 1 0 5 1 12 18 5 2 7
921 5 5 5 1 0 0 0 0 0 0 0 0 0 0 0 1 2 4 24 5 3 7
922 1 1 5 1 3 3 0 0 2 3 0 0 3 1 3 5 1 18 24 1 1 9
923 5 5 5 1 0 0 0 0 0 0 5 2 2 5 0 5 1 12 18 1 2 6
928 1 1 1 5 1 2 2 1 1 1 0 0 1 2 0 5 4 14 25 5 1 7
938 5 5 5 5 3 0 0 0 0 0 0 0 0 0 0 1 2 8 27 5 2 7
940 5 5 5 5 0 0 0 0 0 0 0 0 0 0 0 1 1 12 31 1 2 6
941 5 5 5 5 0 2 0 1 0 0 0 0 0 1 0 1 2 14 21 5 2 7
948 5 5 5 5 0 0 0 0 0 0 0 0 0 0 0 5 6 16 78 5 1 7
973 5 5 5 5 0 0 0 0 0 0 0 0 0 0 0 5 1 12 34 1 1 7
978 5 5 5 1 5 2 0 3 0 5 0 0 2 0 1 5 1 16 . 5 . 7
980 1 1 5 1 0 1 0 0 0 0 0 0 0 0 0 1 1 16 26 5 2 7
988 5 5 5 5 0 0 0 0 0 0 0 0 0 0 0 1 2 14 42 1 4 7
994 1 1 5 1 2 0 0 0 0 1 0 0 0 0 1 5 6 14 97 5 1 8
995 5 5 5 5 0 0 0 1 1 1 0 0 1 0 1 5 1 9 21 1 2 7
996 5 5 5 5 0 0 0 0 0 0 0 0 0 0 0 5 1 14 23 1 2 7
997 1 5 5 5 1 3 0 0 0 3 0 0 0 3 0 5 2 12 36 1 1 8
999 5 5 5 5 0 0 0 0 0 0 0 0 0 0 0 1 2 12 47 1 1 7
1014 5 1 5 5 0 1 0 0 0 0 0 0 0 0 0 5 2 16 40 1 4 7
1016 1 1 1 1 3 1 3 3 3 3 0 0 0 3 0 5 4 16 55 1 4 8
1018 5 5 5 5 0 5 0 2 0 2 5 5 0 2 0 5 1 14 32 1 1 7
1019 5 5 5 1 2 1 2 1 2 2 0 0 1 0 1 5 1 2 33 5 2 7
1025 5 5 5 5 0 0 0 0 0 0 0 0 0 0 0 1 2 14 54 5 1 6
1031 5 5 5 5 0 0 0 0 0 0 0 0 0 0 0 1 2 14 31 5 1 6
1034 5 5 5 5 0 0 0 0 0 0 0 0 0 0 0 1 2 13 27 5 1 7
1036 1 5 1 1 0 3 1 1 0 2 0 1 0 0 1 5 1 16 23 5 1 8
1042 5 5 5 5 0 1 0 0 0 0 0 1 0 1 0 5 1 14 21 1 5 7
1043 1 5 5 1 3 1 0 1 0 2 0 0 0 0 1 1 2 12 33 1 1 6
1044 5 1 5 1 0 0 0 0 0 0 0 0 0 0 0 5 2 12 23 1 2 7
1047 5 5 5 1 1 1 1 0 0 1 0 0 0 0 0 5 2 6 27 5 2 6
1048 5 5 5 5 0 0 0 0 0 0 0 0 0 0 0 1 3 25 47 5 1 7
1049 1 1 1 5 0 0 0 0 0 0 0 0 0 0 0 5 2 12 25 1 2 9
1054 1 5 5 5 0 0 0 0 0 2 0 0 0 0 0 8 4 16 24 5 2 6
1055 5 5 5 5 0 2 0 0 1 0 0 0 0 0 0 1 4 18 67 1 1 7
1056 8 1 1 1 1 3 1 1 3 3 0 0 0 0 3 5 4 12 33 1 1 9
1058 5 5 5 5 0 0 0 0 0 0 0 0 0 0 0 1 1 12 21 1 2 6
1066 1 5 5 5 0 1 0 0 0 0 0 0 0 0 0 5 4 12 47 5 1 8
1071 5 5 5 5 1 2 3 1 2 2 2 0 2 0 3 5 2 4 30 5 2 7
1079 1 5 5 5 0 0 0 0 0 0 0 0 0 0 0 1 2 12 60 5 1 8
1080 1 5 5 5 0 0 0 0 0 0 0 0 0 0 0 1 2 16 39 1 1 8
1081 5 5 5 1 2 1 0 0 2 0 1 0 0 0 2 5 6 5 60 5 5 7
1088 1 1 1 5 2 0 0 0 0 0 0 0 0 0 0 5 1 16 24 5 1 8
1089 1 1 1 1 1 1 0 0 0 1 0 0 0 0 1 1 2 15 42 1 1 8
1093 5 5 5 5 3 3 0 1 0 1 0 0 0 0 0 1 4 8 68 1 2 7
1096 5 5 5 5 3 3 0 1 1 2 2 0 1 0 1 5 1 13 36 1 . 8
1100 5 1 5 1 1 1 0 1 1 1 0 0 1 1 1 5 1 16 25 5 4 7
1112 5 5 5 1 1 2 0 0 0 1 0 0 0 0 1 5 2 12 36 1 2 7
1116 1 5 5 5 0 1 0 0 0 1 0 0 0 0 0 5 1 16 30 1 1 7
1119 5 5 5 5 0 0 0 0 0 2 0 0 0 0 0 1 2 12 30 5 1 6
1123 5 5 5 5 0 0 0 0 0 0 0 0 0 0 0 1 2 14 51 5 5 6
1126 1 5 5 5 0 1 0 0 0 1 0 0 0 0 0 1 2 16 27 1 1 7
1135 1 5 5 1 0 2 0 0 0 0 0 0 0 0 0 5 2 12 36 5 2 8
1138 5 5 1 5 0 3 2 0 1 1 0 0 2 2 0 5 1 12 24 1 2 7
1141 5 5 5 5 0 0 0 0 0 0 0 0 0 0 0 5 1 17 25 5 1 8
1142 5 5 5 1 . 2 0 0 0 1 0 0 0 1 1 5 4 15 . 5 1 6
1143 1 5 5 5 0 1 0 0 0 0 0 0 0 0 0 1 6 16 70 1 1 8
1150 5 5 5 5 0 0 0 0 0 0 0 0 0 0 0 5 2 18 31 5 1 6
1152 1 5 1 1 2 1 0 0 0 0 0 0 0 0 0 5 6 14 60 1 1 9
1155 5 5 5 5 0 1 0 0 0 1 0 0 0 0 0 1 2 14 49 1 1 7
1159 5 5 5 5 0 0 0 0 0 0 0 0 0 0 0 5 3 9 37 1 2 7
1165 5 5 5 5 0 1 0 0 0 1 0 0 0 0 3 5 1 14 22 1 1 8
1169 5 5 5 5 0 1 0 0 0 1 0 0 0 0 0 1 2 14 42 1 1 6
1170 5 1 5 1 3 3 0 0 0 1 0 0 0 0 0 5 1 12 25 5 5 7
1173 1 1 5 1 1 1 0 1 1 0 0 0 0 0 0 5 2 14 67 5 . 9
1180 1 5 5 1 2 2 0 0 0 2 0 0 0 0 2 1 3 12 47 1 5 7
1189 5 1 5 5 3 3 1 3 2 3 3 3 2 5 5 5 1 10 19 1 2 7
1191 5 5 5 5 3 1 0 0 0 1 0 0 0 0 0 1 1 15 23 1 2 7
1192 1 5 5 5 0 0 0 0 0 0 0 0 . . . 1 2 14 . 1 1 7
1193 1 5 1 1 2 2 3 0 2 3 0 0 0 0 0 5 4 18 38 5 1 9
1195 1 5 5 5 0 0 0 0 0 0 0 0 0 0 0 5 2 19 39 5 1 7
1200 5 5 5 5 0 1 0 0 0 0 0 0 0 0 1 1 2 14 . 5 1 6
1202 1 5 5 8 1 1 0 0 0 0 0 0 0 0 0 1 9 25 . 1 1 9
1204 5 5 1 1 2 1 2 0 1 2 0 0 1 0 2 5 2 12 40 5 2 9
1208 5 5 5 5 0 0 0 0 0 2 0 0 0 0 0 1 2 16 41 5 1 7
1210 5 5 5 5 0 0 0 0 0 0 0 0 0 0 0 1 2 15 41 1 1 8
1215 1 1 5 1 2 5 5 5 5 5 0 0 2 5 5 5 2 12 46 1 2 7
1220 1 5 5 5 1 3 0 1 1 1 2 1 0 1 0 5 5 12 36 5 5 7
1222 1 5 5 1 0 1 0 0 1 2 0 0 0 2 1 1 2 16 29 5 1 7
1223 5 5 5 5 5 1 0 0 0 3 0 0 0 0 0 5 2 12 80 1 1 7
1228 1 1 1 1 0 1 0 0 0 1 0 0 0 1 1 5 2 16 24 5 1 8
1231 5 5 5 5 3 0 0 2 0 1 0 0 0 0 0 5 2 9 34 5 2 6
1240 5 5 5 5 0 0 0 0 0 0 0 0 0 0 0 1 1 16 30 1 4 7
1242 5 5 5 5 0 0 0 0 0 0 0 0 0 0 0 5 2 16 37 1 1 7
1261 5 5 5 5 2 1 1 2 2 1 0 2 0 0 2 1 2 12 52 1 5 7
1262 1 1 5 1 1 5 1 1 2 1 0 0 2 1 0 5 1 12 25 1 2 7
1263 5 5 5 5 0 1 0 0 0 1 0 0 0 0 1 5 4 15 45 1 1 7
1264 1 5 5 1 1 0 1 0 1 0 0 0 0 0 3 5 3 9 55 5 1 7
1266 1 5 1 5 0 0 0 0 0 0 0 0 0 0 0 1 2 15 57 5 . 7
1273 5 5 5 5 0 0 0 0 0 0 0 0 0 0 0 1 6 14 71 5 1 6
1285 5 5 5 1 1 1 0 1 0 1 0 0 0 0 0 1 3 10 75 5 5 7
1286 1 5 5 1 3 0 1 0 2 0 0 0 5 0 2 5 2 12 21 5 2 7
1289 1 1 5 1 2 1 0 0 1 2 0 0 0 0 0 5 5 13 36 1 2 7
1296 1 5 1 1 2 5 0 2 0 3 0 0 0 0 0 5 1 16 29 1 1 8
1298 1 1 1 5 0 0 0 0 0 0 0 0 0 0 0 5 5 12 35 5 1 6
1299 5 5 5 5 0 0 0 0 0 2 0 0 0 0 0 1 6 13 49 5 3 6
1300 5 5 5 1 5 1 1 0 1 1 0 0 1 1 0 5 2 12 42 5 1 6
1304 5 5 5 1 2 1 0 0 1 0 0 0 0 1 0 5 2 12 31 5 2 7
1305 5 5 5 5 0 1 0 1 0 1 0 0 0 0 1 5 1 14 24 1 2 7
1314 1 5 5 1 1 2 0 0 2 0 0 0 0 0 2 5 2 12 82 1 5 7
1322 1 1 5 5 2 2 1 1 1 1 0 0 0 1 2 5 1 18 31 5 1 7
1332 1 5 5 1 2 2 0 1 1 2 0 0 0 0 0 1 1 12 45 1 1 8
1336 1 1 5 1 1 0 0 0 1 0 0 0 0 0 0 1 2 12 60 5 1 9
1342 1 1 5 1 0 0 0 0 1 1 0 0 0 0 1 5 2 9 22 5 2 7
1349 5 5 5 5 0 1 0 0 0 0 0 0 0 1 0 1 2 16 48 5 4 6
1354 1 5 5 1 2 1 1 2 2 3 1 0 2 2 0 5 2 20 40 1 4 7
1358 1 5 5 1 0 0 0 0 0 0 0 0 0 0 0 1 3 18 47 1 1 8
1359 5 5 5 5 0 1 0 0 0 0 0 0 0 0 0 1 2 14 . 5 1 7
1364 5 5 5 1 0 1 0 0 0 0 0 0 0 0 0 1 2 16 77 5 1 8
1366 5 5 5 1 0 1 0 0 0 3 0 0 3 0 0 1 2 6 55 5 . 6
1368 1 5 5 5 0 0 0 0 0 0 0 0 0 0 0 5 5 18 70 5 5 7
1369 5 1 5 5 0 1 0 1 0 1 0 1 0 3 1 5 4 13 29 5 2 6
1370 5 5 5 1 1 1 0 0 0 1 0 0 1 0 0 1 2 9 35 5 2 7
1373 1 5 5 5 0 1 0 2 0 0 0 0 0 1 1 1 1 14 26 5 2 7
1376 1 1 5 5 1 0 0 1 1 1 5 0 3 0 0 1 2 8 59 1 1 9
1377 5 5 5 5 0 2 0 0 0 1 0 0 0 0 0 1 2 14 40 5 1 7
1378 1 5 5 5 0 0 0 0 0 0 0 0 0 0 0 5 1 11 74 1 2 6
1387 5 5 5 5 1 1 0 1 1 1 0 0 0 1 1 1 2 16 35 5 1 7
1388 1 1 5 1 0 0 0 0 0 0 0 0 0 0 0 5 2 18 35 1 1 9
1393 5 5 5 5 1 1 1 1 1 2 0 0 0 2 0 5 1 15 28 5 2 8
1395 5 5 5 5 0 0 0 0 0 0 0 0 0 0 0 5 1 18 26 1 5 8
1397 5 5 5 5 0 0 0 0 0 2 0 0 0 0 0 1 6 8 . 5 1 7
1403 1 5 5 1 . 0 0 0 0 1 0 0 0 0 . 1 4 13 56 5 5 7
1407 5 5 5 5 0 0 0 0 0 0 0 0 0 0 0 1 6 17 89 1 1 7
1411 1 5 5 1 0 0 0 0 0 1 0 0 0 0 0 5 1 14 50 5 1 9
1413 5 5 5 5 0 0 0 3 0 0 0 0 0 0 0 1 1 12 69 1 1 7
1415 5 5 5 5 3 2 2 2 5 3 5 0 0 0 5 5 6 12 71 5 . 6
1416 5 5 5 5 0 0 0 0 0 1 0 0 0 0 0 5 4 12 42 1 2 7
1420 5 5 5 5 0 2 0 2 0 1 0 0 0 1 0 1 2 20 43 1 3 7
1422 1 1 5 1 0 0 0 0 0 0 0 0 0 0 0 5 1 14 40 1 5 9
1428 1 1 5 5 0 0 0 0 0 0 0 0 0 0 0 1 4 15 47 1 1 9
1434 5 5 5 5 0 1 1 0 0 1 0 0 0 0 0 1 2 11 30 5 2 6
1437 1 1 5 1 3 3 3 1 3 3 0 0 1 0 1 5 1 12 49 5 5 8
1442 1 1 8 5 1 0 0 5 0 1 3 3 3 0 3 5 3 6 21 5 2 7
1447 5 5 5 1 0 0 0 0 0 0 0 0 0 0 0 5 2 12 30 5 2 6
1455 5 5 5 1 3 5 2 1 1 3 0 1 3 0 0 5 1 7 21 1 2 7
1458 5 5 5 5 0 0 0 0 0 0 0 0 0 0 0 1 2 18 36 5 . 6
1459 5 5 5 1 2 1 0 0 0 1 0 0 0 1 1 5 2 12 26 1 1 8
1462 5 5 5 5 0 0 0 0 0 0 0 0 0 0 0 5 2 16 25 1 2 6
1463 1 1 1 1 5 5 5 0 5 5 0 0 5 1 0 5 2 14 47 5 1 8
1464 5 5 5 1 1 0 0 0 0 1 0 0 0 0 0 5 3 6 32 1 2 6
1466 1 5 5 1 1 1 0 0 0 1 0 0 0 0 0 5 1 6 40 5 2 7
1468 1 1 5 1 0 1 0 0 1 2 0 0 0 0 0 1 4 18 43 5 1 7
1469 1 1 5 1 2 3 1 1 1 1 1 0 1 0 0 1 2 24 46 5 1 9
1471 5 5 5 5 0 0 0 0 0 0 0 0 0 0 0 1 1 16 36 1 4 6
1474 1 5 5 5 0 0 0 0 0 0 0 0 0 0 0 1 2 16 39 1 1 7
1476 1 5 5 5 0 0 0 0 0 0 0 0 0 0 1 1 6 18 80 5 1 7
1482 5 5 1 1 1 3 1 0 1 1 1 1 0 1 0 5 1 13 19 5 5 7
1491 1 5 5 5 0 2 0 0 0 1 0 0 0 1 0 1 2 14 60 5 1 8
1493 5 5 5 5 0 0 0 0 0 1 0 0 0 0 1 1 2 18 53 5 5 7
1494 5 5 5 5 0 0 0 0 0 0 0 0 0 0 0 1 2 14 48 1 1 7
1495 5 5 5 5 0 2 0 0 0 0 0 0 0 0 2 5 6 12 77 1 1 7
1496 5 5 5 5 0 0 0 0 0 0 0 0 0 0 0 1 2 19 48 1 1 7
1499 5 5 5 5 1 1 0 0 0 1 0 1 0 0 1 5 1 12 26 1 1 7
1500 5 5 5 5 0 1 0 0 0 0 0 0 0 0 0 5 3 10 24 5 2 6
1505 5 5 5 5 3 1 1 0 0 1 0 0 0 1 0 5 2 16 30 5 3 6
1506 5 5 5 5 0 2 0 0 0 0 0 0 0 0 0 5 1 14 18 1 4 7
1511 1 1 1 1 2 2 1 1 1 2 0 0 0 . 2 5 1 15 22 5 4 8
1516 5 5 5 5 0 0 0 1 0 0 0 0 1 0 0 1 2 13 44 5 1 6
1528 5 5 5 5 0 0 0 0 0 0 0 0 0 0 0 1 2 16 63 5 1 7
1529 5 5 5 5 0 0 0 0 0 1 0 0 0 1 0 5 5 12 28 5 2 6
1531 1 5 5 5 1 1 0 0 0 1 0 0 0 0 1 1 2 14 38 5 4 7
1534 1 5 5 1 2 1 1 1 1 1 0 0 0 0 1 1 2 5 58 5 2 7
1537 1 5 1 1 0 0 0 0 0 1 0 0 0 0 0 1 1 12 27 5 1 9
1545 5 5 5 1 0 1 0 0 0 1 0 0 0 0 0 1 6 16 67 5 1 7
1555 1 5 5 5 0 0 0 0 0 0 0 0 0 0 0 1 2 10 62 1 1 6
1557 5 5 5 5 0 0 0 0 1 1 0 0 0 0 0 1 6 14 50 5 2 7
1561 1 1 5 5 0 1 0 0 0 1 0 0 0 0 0 1 2 16 43 5 1 8
1566 1 5 5 5 0 1 0 0 0 0 0 0 0 0 0 5 2 13 28 5 1 6
1567 1 5 5 5 0 2 1 1 0 2 5 5 1 5 2 5 2 12 23 5 1 6
1569 1 5 5 1 1 1 0 0 0 0 0 0 1 1 0 5 5 11 37 5 2 7
1571 5 5 5 1 1 0 0 0 1 1 0 1 1 0 0 5 2 12 27 5 2 6
1577 1 5 5 5 0 2 0 2 0 1 0 0 0 0 0 1 2 13 29 5 1 7
1585 5 5 5 5 0 1 0 0 0 0 0 0 0 0 0 1 4 16 39 5 4 6
1586 5 5 5 5 0 0 0 0 0 0 0 0 0 0 0 1 2 14 56 1 1 7
1592 5 5 5 1 1 0 0 0 0 1 0 0 1 0 0 1 2 4 36 5 2 7
1593 1 1 5 1 0 1 0 0 0 1 1 0 0 0 0 5 1 13 20 5 1 9
1598 5 5 5 5 0 0 0 0 0 0 0 0 0 0 0 5 1 17 34 1 1 7
1600 1 1 5 1 0 1 0 0 0 0 0 0 0 0 0 1 4 14 30 5 1 8
1601 1 5 5 5 0 0 0 0 0 0 0 0 0 0 0 1 2 15 23 5 4 9
1602 5 5 5 5 0 0 0 0 0 0 0 0 0 0 0 5 1 12 22 5 5 6
1604 5 5 5 5 0 2 0 0 0 1 0 0 0 0 0 1 1 18 . 5 5 6
1609 5 5 5 5 0 0 0 0 0 0 0 0 0 0 0 5 2 11 23 1 2 7
1610 5 5 5 5 3 0 0 1 0 1 0 0 1 1 1 1 5 12 52 1 2 6
1613 5 5 5 5 0 0 0 0 0 0 0 0 0 0 0 5 2 0 26 5 2 7
1615 5 1 5 1 0 0 0 0 1 0 0 0 1 0 0 1 2 12 41 5 2 9
1628 5 1 5 1 0 0 0 0 0 1 0 0 0 0 0 5 3 12 34 5 2 7
1630 1 5 5 5 0 1 0 0 0 0 0 0 0 0 0 1 2 14 42 5 1 7
1631 1 5 5 5 0 1 0 3 0 3 0 0 0 0 0 5 4 9 57 1 . 9
1637 5 5 5 5 1 1 2 1 1 1 0 0 1 1 1 5 3 10 23 1 2 7
1643 1 5 5 1 1 1 1 0 1 1 0 0 1 0 0 1 2 12 38 5 1 6
1647 5 5 5 1 2 0 0 0 0 0 0 0 0 0 0 5 2 11 30 1 2 7
1653 5 5 5 5 0 0 0 0 0 0 0 0 0 0 0 1 2 10 61 1 2 7
1657 5 5 5 1 0 0 0 0 0 0 1 0 0 0 0 1 2 16 49 1 1 7
1658 1 5 5 1 3 0 3 0 3 5 2 0 0 0 3 5 4 12 39 5 2 9
1662 1 5 5 5 0 0 0 2 0 0 2 0 0 3 0 5 4 12 27 1 1 6
1663 1 5 5 1 0 1 0 0 0 0 0 0 0 2 2 5 5 16 60 1 5 7
1664 1 5 5 5 0 1 0 1 0 0 0 1 0 0 1 1 1 15 31 5 5 7
1667 5 5 5 5 0 1 0 0 0 0 0 0 0 0 0 1 1 12 23 1 1 7
1668 5 5 5 5 0 0 0 0 0 0 0 0 0 0 1 5 2 16 26 5 4 6
1671 5 5 5 5 0 1 0 0 0 0 0 0 0 0 0 1 2 12 54 1 6 9
1676 5 5 5 5 0 0 0 0 0 0 0 0 0 0 0 5 1 19 91 5 1 7
1679 1 5 5 1 3 0 1 1 1 1 0 1 0 1 0 5 3 6 40 5 2 7
1686 5 5 5 1 0 0 0 0 0 0 1 0 0 0 0 5 2 13 . 5 4 7
1690 1 5 5 5 1 1 0 2 1 1 0 0 1 1 1 5 1 17 25 1 1 7
1691 1 1 5 1 0 1 0 0 0 0 0 0 0 0 0 1 1 16 24 5 1 9
1693 1 5 5 5 2 1 1 0 0 2 0 0 0 2 1 1 2 13 57 5 1 8
1694 5 5 5 5 0 0 0 0 0 0 0 0 0 0 0 1 2 12 47 5 2 7
1695 5 5 5 5 0 1 0 0 0 0 0 0 0 0 0 5 1 14 42 1 1 7
1712 1 5 5 5 0 0 0 0 0 0 0 0 0 0 0 5 4 12 63 1 1 9
1713 5 5 5 1 0 0 0 0 0 0 0 0 0 0 0 5 1 13 39 5 5 7
1718 5 5 5 5 0 1 0 0 0 1 0 0 0 3 0 1 2 12 28 5 1 7
1730 1 5 5 5 0 0 0 0 0 0 0 0 0 0 0 5 4 12 35 5 1 7
1736 5 5 5 5 1 2 0 0 0 1 0 0 1 1 1 1 2 18 45 1 4 7
1739 5 5 5 5 0 . 0 0 0 . 0 0 0 0 . 5 1 16 28 1 4 9
1749 1 5 5 1 1 1 0 0 1 1 1 1 0 0 1 5 1 14 42 1 1 6
1751 5 5 5 5 0 1 0 0 0 1 0 0 0 1 0 1 2 14 37 5 1 7
1767 5 1 5 1 1 0 0 0 0 2 0 0 0 0 0 5 1 6 56 5 2 7
1768 5 5 5 5 0 2 0 0 0 0 0 0 0 0 0 5 1 16 29 1 1 6
1775 5 5 5 5 0 0 0 0 0 0 0 0 0 0 0 1 2 18 34 1 1 7
1777 1 5 5 1 1 2 0 0 1 1 0 0 0 0 0 1 2 16 31 5 2 9
1783 1 5 5 5 1 2 2 0 1 0 0 0 0 0 0 5 1 12 30 5 5 7
1784 1 5 5 1 0 2 0 0 0 0 0 0 0 0 0 5 1 14 27 1 1 8
1786 5 5 5 5 0 0 0 0 0 0 0 0 0 0 0 1 5 14 48 1 1 9
1789 5 5 5 5 1 0 0 0 0 0 0 0 0 0 0 1 2 11 84 1 6 7
1791 5 5 1 5 0 0 0 0 0 0 0 0 0 0 0 1 1 14 20 1 1 7
1792 5 5 1 5 0 1 0 0 0 0 0 0 0 0 0 1 2 16 58 1 1 7
1793 5 5 5 1 1 0 1 1 0 0 0 0 . 0 0 5 2 6 34 5 2 6
1794 1 5 5 5 0 0 0 0 0 0 0 0 0 0 0 5 1 16 . 1 1 8
1799 5 5 5 5 0 1 . 0 . 0 . . . 0 . 5 2 14 45 1 2 6
1801 5 5 5 1 0 1 0 2 0 1 0 0 0 0 1 1 2 16 31 5 1 7
1814 5 5 5 5 1 1 1 1 1 1 1 5 5 1 1 1 4 16 44 5 . 7
1819 1 1 5 5 1 3 0 0 1 2 1 0 1 2 2 5 1 15 25 1 2 7
1825 5 5 5 5 0 0 0 0 0 0 0 0 0 0 0 1 2 16 51 5 1 7
1833 5 5 5 1 1 0 0 1 1 1 0 0 0 0 1 1 6 8 57 5 1 7
1836 1 5 5 1 0 0 0 0 0 0 0 0 0 0 0 1 2 12 69 5 1 8
1839 5 5 5 5 0 0 0 0 0 0 0 0 0 0 0 1 2 14 30 5 2 7
1842 1 5 5 5 0 1 0 0 0 0 0 0 0 0 0 1 2 16 54 1 1 8
1851 1 1 5 1 1 0 0 0 0 0 0 0 0 0 0 1 2 12 26 1 2 9
1854 5 5 5 1 1 2 0 1 1 1 0 0 0 0 0 5 2 18 44 5 1 8
1855 1 5 1 5 0 2 0 0 0 0 0 1 0 0 0 5 1 16 31 5 1 8
1857 1 5 5 5 0 1 3 0 1 1 0 0 0 0 0 5 3 12 34 1 5 7
1871 5 5 5 1 0 1 0 0 1 1 0 0 0 0 0 1 4 25 . 5 5 7
1879 5 5 5 5 0 0 0 0 0 0 0 0 0 0 0 5 2 16 70 5 1 7
1889 1 1 5 5 0 1 0 0 0 0 0 0 0 0 0 1 2 16 32 1 4 8
1892 1 1 5 1 5 5 0 5 5 5 5 5 0 5 2 1 2 12 36 5 2 9
1895 5 5 5 5 0 0 0 0 0 0 0 0 0 0 0 1 2 16 50 5 1 7
1897 5 5 5 5 0 0 0 0 0 2 0 0 0 0 0 1 1 12 25 5 2 6
1900 1 5 5 1 1 2 0 2 0 1 0 0 0 0 0 1 2 12 32 5 2 8
1903 1 1 5 1 0 0 0 0 0 0 0 0 0 0 0 1 2 13 22 5 1 8
1906 5 5 5 5 0 2 0 0 1 1 0 0 0 0 0 1 4 14 47 5 1 7
1924 1 5 1 5 0 0 0 0 0 2 0 0 0 0 2 1 2 10 53 5 1 9
1925 1 5 5 1 1 0 1 0 0 0 0 0 0 0 0 5 1 12 28 5 5 7
1932 5 5 5 5 0 1 0 0 0 0 0 0 0 0 0 1 2 12 67 1 1 7
1933 5 5 5 1 0 0 0 0 0 2 0 0 0 0 0 5 1 16 29 1 1 7
1937 5 5 5 5 1 1 0 0 0 1 0 0 0 0 1 5 2 12 31 1 2 6
1941 5 5 5 1 1 0 1 0 0 0 0 0 0 0 0 1 2 8 33 1 . 7
1947 5 5 5 1 0 0 0 0 0 1 0 0 0 0 0 5 2 12 27 1 . 6
1950 1 1 1 1 0 3 1 1 0 1 0 0 0 0 0 1 1 12 30 5 1 8
1961 1 1 5 1 0 0 1 0 1 0 0 0 0 0 0 1 2 2 28 5 2 9
1964 1 5 5 1 1 1 0 1 0 1 0 0 0 0 0 1 6 7 84 1 5 7
1966 5 1 5 1 3 0 0 0 0 0 0 0 0 0 0 5 6 6 82 5 1 7
1969 5 5 5 5 0 0 0 0 0 0 0 0 0 0 0 5 2 16 45 1 2 8
1970 1 5 5 5 0 1 0 0 0 1 0 0 0 0 1 1 2 18 46 1 1 8
1982 5 5 5 1 3 3 0 0 0 1 3 0 0 0 0 5 1 7 58 5 2 7
1983 5 5 5 1 5 0 1 1 1 0 0 0 1 5 1 5 1 11 18 5 1 6
1985 5 5 5 5 3 3 0 1 1 3 0 0 1 0 3 1 6 9 66 5 1 6
1995 5 5 5 1 1 1 0 1 0 1 0 0 0 0 0 5 2 12 26 5 2 7
1997 1 5 1 5 2 1 5 1 1 5 0 0 0 0 1 5 4 12 35 5 1 7
2001 5 5 5 5 2 0 0 0 0 0 0 0 0 0 0 5 2 18 53 1 4 7
2010 1 5 5 5 0 0 0 0 0 2 0 0 0 0 3 1 2 14 74 5 1 7
2012 5 5 5 1 1 1 1 5 1 1 1 0 1 0 0 5 1 8 29 5 2 7
2024 5 5 5 5 0 0 0 1 0 1 0 0 0 0 0 5 3 11 27 1 2 6
2029 1 5 5 1 1 1 0 0 0 1 0 0 0 0 0 1 2 15 46 1 5 6
2053 1 5 5 5 0 0 0 0 0 0 0 0 0 0 0 5 1 12 30 1 1 7
2054 5 5 5 5 0 0 0 0 0 0 0 0 0 0 0 1 6 12 65 1 1 7
2057 1 5 5 1 3 1 0 0 0 2 0 0 0 0 0 5 6 14 51 5 5 7
2060 5 5 5 5 0 1 0 0 0 0 0 0 0 0 0 5 2 12 65 5 1 6
2063 5 5 5 5 0 0 0 0 0 0 0 0 0 0 0 1 2 12 29 1 2 7
2072 5 5 5 5 0 0 0 0 0 0 0 0 0 0 0 1 6 13 84 5 1 7
2074 1 1 5 1 0 1 0 0 0 0 0 0 0 0 0 1 2 18 42 5 1 8
2086 5 5 5 5 0 1 0 0 0 0 0 0 0 0 0 5 2 8 40 5 2 7
2088 5 5 5 5 0 0 0 0 0 1 0 0 0 0 0 9 1 14 21 1 1 7
2095 5 5 5 5 0 1 0 2 0 1 0 0 0 1 0 5 1 11 40 1 1 6
2096 5 5 5 5 0 1 0 0 1 2 0 0 0 1 2 5 1 13 19 1 2 7
2099 5 5 5 5 0 0 0 0 0 0 0 0 0 0 0 5 4 16 74 1 1 7
