     LISTP    SELLP   SQF   ROOMS  BEDR  GARAGE  EXTRAS CHATTELS AGE  SELLDAYS   BATHR
     79000    75400   1365   7     4     2       3      2      8     31     6
     85000    79800   1170   6     3     2       2      1      7     48     4
     91000    82000   1160   6     4     2       2      2      6     15     6
    107800    98500   1306   6     3     1       3      3      6     18     5
     83000    80000   1120   5     3     2       1      2      5     28     6
     85000    85000   1040   6     3     2       2      3      7     35     4
     85800    84000   1130   6     3     2       2      1      7     57     4
     89800    84000   1232   6     3     1       3      2      7     30     6
     97600    96800   1364   7     4     2       3      0      7      1     6
     99400    95800   1260   6     3     0       2      0      7     30     6
    103800   101500   1302   6     3     0       2      3      5     30     6
     77800    74000   1040   6     3     0       1      1      8     28     4
    103800   101000   1278   6     3     2       1      1      7     33     6
    107000   102000   1408   7     3     2       3      3      8     24     6
    109800   107000   1225   6     3     2       1      0      6      2     6
     93800    90000   1160   6     3     2       3      2      6     44     6
     95600    88000   1040   6     3     1       2      1      7     41     4
    102000    98000   1424   7     3     2       1      0      6     54     6
    111800   104400   1232   6     3     2       3      0      7     36     6
     95800    89800   1270   6     3     0       2      0      7     51     6
    105800   102000   1298   6     3     2       2      0      7     57     6
    135000   128000   1340   6     3     2       3      0      7     38     6
    139800   124000   1380   6     3     2       3      2      9     21     6
     99800    91600   1200   6     3     2       3      1     10     35     6
    109400   106000   1180   6     3     2       3      0      7     63     6
    109800    91600   1200   6     3     2       3      1     10     37     6
    110800   102000   1260   6     3     2       3      3      7     45     6
     97200    94000   1219   6     3     2       1      2      7     43     6
    101000    98000   1154   6     3     2       1      0      7     30     6
    105800    98600   1221   6     3     2       3      0      7     62     6
    111800   100000   1205   6     3     2       2      1      7    112     6
     91800    85000   1170   6     3     0       2      3      8     25     4
    107800    98000   1200   6     3     2       2      1      7     64     6
     95600    93500   1120   6     3     2       1      1      7     16     6
     97800    93000   1130   6     3     2       2      0      9     37     4
     99800    92000   1270   5     3     0       1      0      5     58     6
    103800    98000   1120   6     3     2       2      0      6     67     6
    103800   101000   1072   6     3     2       3      1      7     15     7
    105000    98000   1130   6     3     2       3      2      7     43     6
     86000    84000   1080   6     3     0       1      0     10     59     4
     95000    88000   1060   6     3     1       1      1     11     39     4
    109800   101000   1232   6     3     2       3      0      8     43     9
    123600   114000   1200   6     3     1       3      1     10     26     6
     95800    92000   1080   6     3     0       2      0     11     32     4
    130000   122000   1460   6     3     2       3      1      7     17     7
     91200    87800   1100   6     3     2       3      2     10     61     7
     93800    89000   1140   6     3     0       1      1     11     12     4
    119600   108000   1248   6     3     2       2      0     12     43     6
     89800    87400   1050   6     3     2       1      0     11     26     4
    107000   103000   1286   6     3     2       2      0     12     15     6
    111800   106000   1250   6     3     2       3      0      9     70     7
     77800    77000   1056   5     3     1       3      0     12      8     4
     91800    85800   1135   6     3     2       2      0     12     60     4
     97800    96000   1280   6     3     2       3      4     10     24     4
    100600    96000   1100   5     3     2       2      0     10     73     4
     81000    81000   1060   6     3     1       1      0     11      4     3
     91800    84000   1080   6     3     0       3      1     10     25     4
     95000    90000   1080   6     3     2       1      2     11     20     4
     95800    90000   1140   5     3     1       1      1     11     24     8
    103800   103000   1160   6     3     2       3      1      9     18     7
    105000   101800   1089   6     3     2       2      0      6     24     4
     93000    86000   1040   6     3     0       3      1     10     17     4
     99800    96000   1200   6     3     2       2      1      9     12     6
    107500   104000   1257   6     3     2       2      0      9      7     6
     95800    94000   1260   5     3     1       2      0      8     47     6
     77000    76000   1106   6     3     2       2      1      5     64     4
     77800    76000   1120   6     3     0       1      1      1     10     6
     79000    74000   1190   6     3     2       1      0      1     48     6
     85000    83000   1264   6     3     1       1      1      3     50     6
     87000    83000   1232   6     3     0       1      0      1     36     6
     87800    83800   1160   6     3     2       1      0      1      9     6
     89800    88000   1190   6     3     2       1      5      1     20     6
     93800    91028   1392   6     3     0       2      0      1     44     7
     97600    96000   1220   6     3     2       2      3      6     15     6
    128400   123000   1450   6     3     2       2      0      1     13     5
     87200    87200   1206   6     3     0       1      0      1     11     6
     87800    82000   1150   6     3     0       1      1      2     35     4
     89800    87800   1204   6     3     0       1      1      1     22     6
     95800    92000   1340   6     3     0       1      1      1     12     6
     83000    76000   1160   6     3     0       1      2      1     48     6
     89800    86000   1200   5     3     0       2      1      1     40     6
     91800    89000   1202   6     3     2       1      0      1     57     4
     97800    95200   1278   6     3     2       1      0      1     12     6
    106150    99000   1260   6     3     1       3      2      6     53     6
    119600   110000   1284   6     3     0       3      1      3      2     6
     87000    83500   1237   6     3     0       1      2      2     17     4
     91800    88000   1050   5     3     0       2      0      7     12     4
    101800    99000   1320   6     3     2       2      5      2     14     6
    115000   104000   1490   7     3     2       1      2      2     35     6
    138400   130000   1491   7     3     2       2      3      1     33     6
     89000    83000   1154   6     3     0       1      0      6     38     6
     93800    89000   1224   6     3     0       2      0      1     43     6
     97800    96000   1220   6     3     2       1      0      6     28     4
    103000    99000   1152   6     3     2       1      0      2     13     4
    105800   101000   1392   8     4     0       1      2      2     35     6
    129800   124000   1480   7     3     2       1      1      0      2     7
     95800    92000   1042   5     3     2       3      1      7     20     3
     96600    95000   1167   6     3     0       1      0      1      6     6
    112000   106000   1246   6     3     2       2      0      1     62     4
    114000   100000   1440   6     3     0       2      2      1     34     7
    135000   122400   1564   7     3     1       2      3      1     32     7
    111000   105000   1224   6     3     2       2      1      7     55     6
    115000   114000   1325   6     3     2       2      0      1     63     6
    127000   121000   1270   5     3     2       3      1      6     21     7
     91800    88000   1340   8     4     0       1      1      2     21     6
    105800   104000   1270   6     3     1       1      0      1     48     6
    119800   115000   1460   7     3     0       1      0      3     34     6
     87800    85000   1001   6     3     2       3      2      7     82     4
    101800    97000   1227   6     3     2       1      1      1     67     6
     77800    77800   1124   6     3     2       2      0      8     21     4
     78000    78000   1070   6     3     1       3      0     12     19     4
     78000    73000   1120   5     3     2       2      0      5     21     4
     95800    85400   1200   6     3     2       3      0      9     52     6
    105800   101000   1308   6     3     0       3      2      7      2     9
     97400    96000   1113   6     3     0       1      0      8     37     4
    105000    98000   1345   6     3     2       1      1      7     16     6
